

QKRA-ASSL: topology='nsfnet', k = 1, Averaged over(z) = 5 : 

X_range = [400, 425, 450, 475, 500, 525, 550, 575, 600, 625, 650, 675, 700, 725, 750, 775, 800, 825, 850, 875, 900] 
Average_SRCR_ASSL = [0.872, 0.8654, 0.8484, 0.8223, 0.7996, 0.7909, 0.7738, 0.743, 0.7263, 0.7075, 0.6926, 0.6782, 0.6714, 0.648, 0.6336, 0.6188, 0.628, 0.6063, 0.5807, 0.5787, 0.5673] 
Average_TUR_ASSL = [0.5819, 0.603, 0.6333, 0.6432, 0.6489, 0.6681, 0.6878, 0.6911, 0.7052, 0.7129, 0.7171, 0.7256, 0.7413, 0.7362, 0.7476, 0.7525, 0.7768, 0.7711, 0.7675, 0.781, 0.7906] 
Average_NSP_ASSL = [1384.2, 1465.8, 1511.0, 1549.0, 1586.6, 1642.8, 1680.6, 1685.0, 1719.6, 1745.4, 1774.2, 1803.2, 1852.6, 1852.4, 1865.6, 1882.4, 1967.8, 1964.2, 1943.8, 1984.0, 2007.2]


QKRA-ASSL: topology='nsfnet', k = 1, Averaged over(z) = 5 : 

X_range = [400, 425, 450, 475, 500, 525, 550, 575, 600, 625, 650, 675, 700, 725, 750, 775, 800, 825, 850, 875, 900] 
Average_SRCR_ASSL = [0.873, 0.8734, 0.8462, 0.8261, 0.8112, 0.789, 0.7665, 0.7384, 0.735, 0.7075, 0.6957, 0.6747, 0.6594, 0.6458, 0.6376, 0.6237, 0.6248, 0.6048, 0.5875, 0.5785, 0.5627] 
Average_TUR_ASSL = [0.5822, 0.6071, 0.6335, 0.6443, 0.6571, 0.6705, 0.6852, 0.6908, 0.7081, 0.7132, 0.7198, 0.7214, 0.7313, 0.7314, 0.7511, 0.7578, 0.774, 0.7687, 0.7756, 0.7816, 0.7856] 
Average_NSP_ASSL = [1393.0, 1481.2, 1506.8, 1556.0, 1604.2, 1641.8, 1666.0, 1678.0, 1735.8, 1745.8, 1782.2, 1794.0, 1822.4, 1843.6, 1875.8, 1901.8, 1967.0, 1960.0, 1959.2, 1990.0, 1992.0]


QKRA-ASSL: topology='nsfnet', k = 1, Averaged over(z) = 10 : 

X_range = [600, 625, 650, 675, 700, 725, 750, 775, 800] 
Average_SRCR_ASSL = [0.7247, 0.7066, 0.6951, 0.6883, 0.6726, 0.6535, 0.6404, 0.6227, 0.6015] 
Average_TUR_ASSL = [0.6982, 0.7081, 0.7207, 0.7325, 0.7403, 0.7481, 0.7508, 0.758, 0.7578] 
Average_NSP_ASSL = [1702.9, 1728.9, 1769.3, 1817.4, 1835.8, 1852.5, 1879.2, 1887.5, 1875.6]


QKRA-ASSL: topology='nsfnet', k = 1, Averaged over(z) = 10 : 

X_range = [600, 625, 650, 675, 700, 725, 750, 775, 800] 
Average_SRCR_ASSL = [0.9232649999999999, 0.91047, 0.9052800000000001, 0.8963500000000001, 0.8874, 0.8818880000000001, 0.880508, 0.863704, 0.8642559999999999] 
Average_TUR_ASSL = [0.5885363357215967, 0.6026557711950971, 0.6148373983739838, 0.6314720812182741, 0.6470588235294118, 0.6602822580645162, 0.6633466135458167, 0.6669970267591676, 0.6640625000000001] 
Average_NSP_ASSL = [2256.87, 2315.335, 2381.2799999999997, 2452.65, 2509.37, 2569.2799999999997, 2645.5400000000004, 2694.0299999999997, 2785.2799999999997]
